00000000000000000001000000100000
00000000000000000101000000100000
00100000010000100000000000000101
10101101010000100000000000000000
00000000000000000001000000100000
00100000010000100000000000011001
10101101010000100000000000000100
00000000000000000001000000100000
00100000010000100000000000000011
10101101010000100000000000001000
00000000000000000001000000100000
00100000010000100000000000000111
00000000000000000001000000100000
00100000010000100000000000001011
10101101010000100000000000010000
00000000000000000001000000100000
00100000010000100000000000001100
10101101010000100000000000010100
00000000000000000001000000100000
00100000010000100000000000111000
10101101010000100000000000011000
00000000000000000001000000100000
00100000010000100000000000010101
10101101010000100000000000011100
00000000000000000001000000100000
00100000010000100000000000010100
10101101010000100000000000100000
00000000000000000001000000100000
00100000010000100000000000001101
10101101010000100000000000100100
00000000000000000001000000100000
00100000010000100000000000000010
10101101010000100000000000101000
00000000000000000001000000100000
00100000010000100000000000001110
10101101010000100000000000101100
00000000000000000001000000100000
00100000010000100000000000001001
10101101010000100000000000110000
00000000000000000001000000100000
00100000010000100000000000000110
10101101010000100000000000110100
00000000000000000001000000100000
00100000010000100000000000011011
10101101010000100000000000111000
00000000000000000001000000100000
00100000010000100000000000010000
10101101010000100000000000111100
00000000000000000001000000100000
00100000010000100000000000011101
10101101010000100000000001000000
00000000000000000001000000100000
00100000010000100000000000100011
10101101010000100000000001000100
00000000000000000001000000100000
00100000010000100000000000011111
10101101010000100000000001001000
00000000000000000001000000100000
00100000010000100000000000100001
10101101010000100000000001001100
10101101010000100000000000001100
00000000000000001101100000100000
00000000000000000110000000100000
00000000000000000110100000100000
00100001101011010000000001010000
00100000000011100000000001001100
00100000000011000000000000000000
00000000000000000111100000100000
00000001010011000111100000100000
00100001111100000000000000000100
10001101111100010000000000000000
10001110000100100000000000000000
00000010001100100000100000101010
00100000000000110000000000000001
00010000001000110000000000000010
10101110000100010000000000000000
10101101111100100000000000000000
00000000000000001100100000100000
00100001100011000000000000000100
00010101100011101111111111110011
00100011011110110000000000000100
00010111011011011111111111110000
00000000000000000000000000100000
